1000 9
9 3 7 7 1 6 3 7 8 
15 17 8
16 20 6
20 23 6
6 9 3
22 0 5
21 0 9
0 1 6
6 8 4
17 18 9
15 20 4
16 21 3
16 19 5
8 13 7
16 19 6
12 16 3
22 23 8
14 17 1
23 2 7
5 6 1
9 14 4
5 7 2
2 5 9
22 1 7
22 2 6
22 0 8
0 3 6
11 15 5
8 11 8
6 10 5
9 11 8
8 11 6
5 8 5
2 5 6
14 17 5
17 19 2
16 19 7
11 14 9
4 7 8
12 15 6
2 5 5
14 17 1
2 8 1
23 3 4
8 10 9
9 12 9
14 17 5
3 6 8
6 10 2
2 5 5
16 19 6
12 15 2
6 9 6
7 12 5
15 18 7
5 8 7
7 10 9
7 11 4
16 18 8
1 4 8
3 7 9
4 8 5
13 17 6
19 22 4
9 11 5
22 23 8
20 0 3
20 23 1
9 10 1
4 7 5
23 0 9
14 17 1
22 2 1
18 22 1
17 20 3
23 2 3
3 5 2
14 16 4
15 20 8
9 11 9
22 1 1
20 21 8
12 15 3
10 12 7
17 19 2
4 7 9
2 5 7
0 3 8
14 18 7
15 19 2
14 17 1
23 3 1
2 5 8
14 17 5
23 1 4
3 6 3
18 21 3
11 13 3
5 8 1
9 11 1
19 22 7
13 15 8
5 9 1
22 23 6
3 5 7
23 2 5
8 12 4
20 23 1
19 23 5
21 0 2
10 14 8
15 18 9
19 23 2
4 8 7
12 14 5
7 8 2
12 15 1
6 8 8
7 9 9
5 8 2
19 21 7
10 14 3
21 1 6
16 19 8
9 11 5
12 16 9
4 8 3
8 10 9
8 11 7
4 7 8
16 21 5
3 5 7
17 20 9
15 19 2
13 15 6
19 22 8
22 0 8
4 9 3
15 18 4
10 14 7
12 15 7
23 2 9
17 19 2
17 19 5
5 8 4
8 9 8
10 13 4
12 16 2
11 15 8
10 15 3
15 18 5
14 16 1
23 2 8
17 22 4
13 16 6
17 22 6
14 18 5
17 19 8
11 14 7
10 12 8
22 2 4
8 10 6
15 18 6
13 16 2
11 14 4
7 11 8
3 7 2
22 2 8
19 21 8
1 4 8
15 18 8
12 16 6
2 7 8
3 4 2
9 14 8
9 10 6
14 17 2
5 8 7
4 7 1
5 8 7
13 16 5
14 15 4
5 7 7
2 5 1
20 0 1
1 5 7
6 8 2
17 19 1
23 4 7
21 2 6
10 16 9
2 5 7
0 2 2
6 9 5
0 4 7
14 19 7
16 19 6
17 20 5
21 1 9
19 22 3
15 19 8
6 8 9
12 14 8
2 5 7
14 18 9
5 8 7
4 5 1
5 7 5
13 18 3
9 12 7
0 1 3
14 19 4
13 14 2
14 19 6
9 12 9
10 13 8
4 7 4
9 11 8
14 19 4
20 22 3
3 5 1
9 12 6
0 1 7
23 2 6
1 5 2
22 3 7
0 3 2
21 0 3
1 4 1
20 23 7
23 2 3
10 15 7
4 5 3
23 3 9
6 10 2
15 19 3
16 21 4
2 5 9
9 11 5
22 0 5
16 20 2
10 14 8
12 14 7
8 14 9
12 13 6
13 16 4
20 23 7
16 20 1
20 22 6
15 18 4
11 15 6
9 12 6
2 7 6
8 10 2
8 11 3
4 6 6
20 22 2
5 7 3
18 21 9
5 6 7
13 16 5
22 0 5
17 19 4
7 10 8
22 0 4
13 16 8
18 20 4
10 13 2
5 7 4
11 14 6
3 5 4
6 8 1
23 5 5
0 2 5
21 0 2
20 22 4
21 0 4
21 0 2
16 19 7
10 13 4
5 8 4
21 22 9
15 18 5
18 19 8
23 1 6
8 11 1
9 10 6
18 23 8
23 1 4
22 1 1
13 15 3
4 6 7
20 23 3
6 9 9
1 5 7
12 16 2
22 2 3
3 7 2
5 8 4
8 10 3
16 19 3
17 21 1
23 3 7
11 15 7
21 23 8
6 9 5
1 2 7
21 0 8
20 23 5
23 2 9
0 3 7
16 20 6
3 7 9
16 20 5
0 2 8
5 6 7
0 3 4
9 14 5
14 19 3
18 21 6
6 10 9
4 8 5
15 18 3
23 2 6
18 21 8
12 14 6
23 2 6
9 13 7
13 15 7
3 5 1
6 8 8
5 7 6
15 18 8
3 5 8
1 4 7
5 8 6
12 15 9
20 23 1
23 2 9
13 16 2
10 14 6
14 18 5
14 18 6
2 6 2
6 8 6
22 2 2
10 14 2
6 9 1
10 14 6
20 1 2
3 8 9
17 20 9
8 12 4
1 4 1
5 9 7
11 15 3
22 2 5
13 16 2
2 4 7
23 1 9
13 14 4
22 1 5
8 11 3
9 12 3
13 15 6
22 2 2
1 6 1
18 21 1
10 13 1
10 11 4
0 5 9
23 2 2
9 11 6
7 11 9
15 18 2
0 3 3
0 2 1
3 5 1
11 15 3
4 6 3
8 11 6
10 13 4
5 9 2
9 13 8
18 21 4
19 22 1
4 6 9
9 12 6
18 21 8
2 5 1
0 4 4
4 7 7
21 2 8
21 23 5
5 9 8
0 2 3
9 12 2
16 18 4
21 1 2
20 0 4
6 8 8
21 0 2
22 1 6
3 7 6
5 7 9
12 17 4
11 12 6
4 7 9
7 9 5
22 0 9
18 22 9
23 1 2
10 14 2
8 9 9
14 17 9
8 11 2
12 15 5
16 18 7
13 16 8
23 3 1
0 3 8
7 9 8
1 5 6
14 19 1
6 7 4
18 22 3
5 8 3
12 15 6
3 8 1
1 3 1
23 1 1
6 9 4
16 18 9
23 2 4
21 22 7
21 0 4
14 17 8
13 15 5
22 3 8
20 23 8
3 7 2
11 15 6
5 7 2
23 2 6
22 0 2
0 2 2
16 19 7
20 1 3
14 18 9
1 4 9
5 8 1
16 20 3
6 8 4
21 23 7
8 10 3
8 10 4
22 2 4
18 22 1
20 0 5
19 22 7
5 9 3
3 5 7
8 12 6
19 21 9
2 6 7
20 23 2
16 18 1
0 0 4
0 3 6
13 16 8
0 3 9
14 16 9
2 4 3
3 6 2
23 1 9
18 20 1
11 15 3
9 13 1
16 19 6
16 20 6
7 10 8
4 6 6
22 1 5
5 9 6
13 15 1
4 5 9
1 4 1
19 22 7
20 23 6
4 8 1
8 10 6
8 10 6
15 17 6
17 18 3
12 14 8
17 20 7
18 21 9
6 10 6
21 1 1
0 2 3
17 20 2
8 10 2
5 9 7
0 3 4
12 15 6
12 14 7
0 2 8
7 11 6
1 5 1
7 12 7
19 22 5
21 22 6
13 15 3
9 10 1
11 13 1
5 9 6
20 23 7
2 4 3
22 2 3
8 10 5
23 2 3
22 1 2
18 23 8
11 14 3
17 19 2
11 17 1
1 3 4
12 14 6
5 8 8
20 1 5
2 5 7
21 23 9
4 6 7
13 15 9
6 9 8
3 5 3
15 21 3
21 1 8
21 0 9
15 18 3
15 18 6
17 21 1
22 2 3
20 21 9
11 14 4
14 17 5
7 11 6
22 1 3
9 12 8
18 22 1
8 12 8
20 23 8
10 13 8
3 5 4
0 3 6
7 11 4
1 5 9
15 19 1
5 7 9
21 0 9
2 6 9
0 3 6
14 18 7
14 17 6
0 5 2
23 2 1
5 8 4
2 5 9
9 12 7
23 3 2
2 4 5
6 9 3
22 2 7
2 6 8
3 6 4
15 19 7
23 1 8
2 5 5
15 17 6
18 21 3
9 11 6
8 12 6
23 2 6
13 14 9
1 5 3
12 13 9
20 23 2
2 3 2
23 3 3
23 3 2
21 23 4
15 18 2
8 12 6
2 3 7
12 16 8
10 11 8
20 22 2
18 21 5
7 10 7
9 10 7
16 21 2
1 2 3
13 16 2
18 20 4
16 18 9
19 21 3
19 22 9
18 21 6
22 2 2
21 1 2
14 19 5
14 16 7
6 10 2
6 8 7
5 8 8
23 1 7
5 8 5
1 5 2
6 8 2
10 13 8
3 6 6
11 14 5
0 3 4
23 1 4
11 15 7
7 9 1
14 17 1
0 5 4
22 2 4
2 5 6
6 9 4
19 22 8
5 9 3
12 14 7
14 17 8
18 20 4
2 5 8
17 22 2
19 21 5
0 3 5
0 4 1
21 0 8
23 2 9
10 14 4
22 0 3
14 16 4
17 20 8
20 0 6
21 1 4
11 14 8
20 22 8
2 6 5
20 0 9
19 21 5
11 14 4
2 7 4
6 8 4
9 12 7
1 3 9
23 2 9
23 0 3
11 15 7
17 20 4
19 21 9
9 12 1
21 1 1
9 11 3
18 20 7
5 9 4
3 6 5
6 9 5
0 2 7
2 6 3
12 14 9
3 6 4
9 12 6
7 9 6
12 14 3
11 13 7
7 12 8
21 0 9
20 23 8
0 3 9
8 11 7
14 18 9
4 7 4
6 8 9
2 5 7
21 1 7
16 19 9
2 5 7
6 10 6
11 16 5
20 22 4
0 4 2
7 9 7
10 13 2
3 7 7
17 20 3
11 14 8
12 15 3
5 7 4
9 11 6
20 22 9
23 2 2
11 15 2
23 2 5
10 13 1
12 16 5
16 18 5
18 21 9
4 6 7
12 13 4
2 3 7
6 8 6
22 1 6
15 18 1
14 15 7
8 11 2
10 13 6
21 0 8
16 20 9
9 12 4
21 23 6
12 14 9
8 12 5
2 5 9
9 12 1
10 11 5
20 21 9
7 10 8
11 15 4
5 6 7
10 15 2
22 2 1
22 1 8
23 1 1
14 17 7
23 3 3
11 16 6
2 5 8
22 2 4
10 14 7
10 12 7
5 8 3
6 9 4
4 8 1
8 12 1
17 22 2
22 2 7
7 10 6
16 18 7
17 22 1
17 19 3
5 7 1
7 9 9
18 20 9
22 1 4
0 4 8
1 3 2
6 10 7
1 4 8
22 23 4
19 23 4
8 14 9
3 7 2
13 16 4
9 13 1
22 1 9
11 14 1
23 3 2
6 8 4
23 2 3
7 10 9
15 18 1
20 22 4
23 3 3
4 7 4
7 11 8
10 14 7
4 7 7
19 22 8
20 21 6
14 17 2
6 10 5
4 6 6
3 6 2
6 8 9
11 14 6
17 20 6
11 14 7
8 12 3
21 0 3
6 10 7
11 15 6
15 18 2
6 8 4
1 3 7
4 8 3
2 6 2
12 16 6
9 13 7
17 22 6
13 15 2
11 14 2
14 18 8
0 4 4
19 22 4
0 5 7
17 20 2
12 16 8
5 9 5
11 15 3
2 3 3
16 19 6
2 5 6
21 0 4
6 9 5
5 9 8
20 23 7
14 16 6
21 1 7
13 16 8
3 6 8
9 13 2
21 23 4
18 20 6
19 22 6
13 16 9
14 16 1
1 2 8
22 5 1
3 7 3
4 6 6
10 13 7
5 7 7
5 7 2
4 8 3
19 21 3
20 23 4
4 9 4
1 3 9
7 10 4
5 7 5
5 6 2
5 8 4
3 5 4
7 9 7
0 3 2
20 0 2
13 15 8
12 15 2
6 9 9
12 16 9
4 5 5
22 1 7
17 20 9
9 12 4
7 12 7
19 22 1
6 8 4
20 23 3
23 2 9
12 16 4
16 20 6
16 18 2
0 2 2
10 12 3
8 12 5
8 10 7
6 10 8
13 16 2
14 18 5
8 11 1
14 17 6
9 11 7
0 3 6
5 7 7
5 8 2
8 11 2
22 2 4
11 14 1
10 13 4
2 5 6
8 13 3
1 4 6
13 16 1
5 7 8
18 20 5
20 23 9
0 3 3
0 2 8
16 17 8
5 8 4
2 5 4
15 17 5
2 4 2
3 6 2
5 5 6
13 15 9
1 3 2
18 21 3
13 17 6
5 7 6
9 10 4
14 17 7
7 10 6
15 19 1
9 10 9
1 6 1
11 13 4
10 12 2
6 8 6
2 4 6
2 6 5
5 8 7
9 13 1
14 18 4
18 22 8
21 0 7
6 10 3
1 4 7
8 11 3
7 11 1
8 11 1
2 6 3
6 8 2
13 15 4
18 21 1
21 0 6
12 15 1
16 18 9
2 6 7
20 0 2
18 22 9
17 18 3
21 0 4
2 4 9
22 0 7
8 11 9
21 23 8
18 20 7
14 15 8
8 12 9
10 12 8
21 0 5
9 12 7
6 8 1
6 8 5
2 5 8
10 13 4
8 13 9
2 6 8
8 11 6
20 0 4
17 20 4
1 4 2
12 16 3
12 16 8
8 9 5
6 9 4
12 14 2
0 3 5
8 10 7
13 18 6
21 1 5
10 13 1
23 3 3
3 6 7
14 17 5
8 11 6
23 4 7
9 12 7
11 15 8
7 11 9
17 20 2
6 11 1
10 12 1
0 2 7
12 15 3
21 22 2
7 9 2
13 15 8
10 14 9
12 14 9
12 17 2
5 8 3
14 17 2
8 11 5
4 7 1
1 3 5
16 20 3
3 5 7
4 8 3
23 3 7
1 3 2
23 3 3
4 9 7
11 15 1
12 15 9
23 1 8
