1000 7
1 5 7 6 3 1 6 
10 15 5
1 5 7
20 21 7
16 19 4
3 5 4
22 1 6
9 12 2
18 21 1
7 10 6
6 9 7
15 18 6
12 14 7
18 21 7
6 7 6
17 21 4
1 3 3
0 3 2
0 2 1
7 9 3
12 14 5
19 22 2
0 2 4
3 6 7
19 22 2
17 20 2
13 17 2
15 17 6
17 20 4
9 12 5
10 14 7
17 19 5
2 5 5
13 17 6
0 5 7
15 16 6
13 17 2
21 0 2
8 12 5
2 5 2
19 23 5
10 12 4
23 2 3
9 13 2
6 11 5
0 4 1
5 7 6
6 8 4
22 2 5
9 11 6
1 5 1
5 9 1
21 0 6
15 19 6
11 13 1
18 21 6
8 10 3
11 16 3
23 1 1
14 16 2
15 18 4
17 22 1
5 7 3
21 22 5
0 2 7
8 11 3
19 0 3
9 10 4
13 17 7
21 2 1
17 19 2
8 11 2
22 2 1
12 14 2
17 19 1
17 19 3
7 10 5
15 19 1
6 10 2
5 8 1
6 9 1
4 8 2
9 12 2
7 10 1
15 17 4
22 3 7
10 12 5
19 21 3
18 23 6
9 11 6
3 7 2
7 8 4
10 15 6
7 10 3
5 7 4
1 4 2
0 4 7
6 7 2
15 19 7
8 12 3
7 10 4
4 7 1
14 18 1
3 6 3
1 3 5
9 13 7
14 16 6
7 11 5
14 17 7
4 6 7
20 23 1
21 0 1
14 17 6
18 20 1
18 20 3
18 21 3
3 5 7
16 20 3
0 5 6
23 2 7
2 6 2
13 17 5
14 15 5
0 3 7
20 22 7
16 20 6
8 12 1
20 23 5
23 3 5
19 23 6
16 19 7
21 1 6
22 0 7
9 13 1
5 7 7
3 6 4
19 21 1
22 1 7
9 11 2
11 13 6
13 16 1
7 10 6
16 18 5
13 18 4
16 18 7
15 17 5
10 12 6
19 20 5
9 11 3
7 11 1
4 8 5
5 8 3
13 16 2
1 4 5
13 17 1
9 10 5
8 11 6
8 11 7
16 21 6
20 23 3
16 20 5
8 13 6
23 1 6
5 8 3
8 13 2
4 7 5
18 23 4
7 11 4
9 11 2
20 23 5
2 5 6
16 18 4
14 17 7
17 21 3
4 7 5
3 6 3
0 2 2
8 10 3
7 11 3
19 23 6
6 8 7
23 2 2
12 14 7
10 12 7
2 6 1
16 18 6
14 15 5
9 11 4
10 12 5
15 20 1
22 1 1
14 17 3
1 5 7
7 9 4
11 13 6
21 1 7
2 6 2
5 10 2
13 16 1
1 4 1
21 0 4
4 4 5
0 2 7
22 0 7
9 12 5
7 10 3
21 0 1
11 15 6
21 0 1
15 17 1
9 13 4
20 0 1
15 17 3
14 17 4
23 3 6
9 13 2
9 12 3
6 7 4
15 18 1
0 4 2
5 9 3
2 7 7
7 12 3
3 5 3
17 20 3
10 11 6
22 1 7
0 4 5
2 5 6
6 10 1
10 14 6
16 18 6
22 2 5
5 8 1
10 13 3
4 6 3
9 11 1
7 10 1
8 11 5
17 20 4
3 6 3
1 3 3
2 6 1
10 13 5
9 12 1
22 2 3
16 19 2
10 14 4
5 9 4
23 0 2
1 4 7
23 0 7
12 15 5
3 6 6
20 22 4
18 20 2
21 23 6
3 6 1
17 20 1
17 21 3
16 18 4
18 21 5
9 13 4
1 5 1
3 8 4
16 18 6
20 23 7
9 12 6
5 8 3
23 3 1
19 22 7
22 0 6
18 22 6
0 4 4
1 5 1
17 20 6
0 4 5
22 3 1
23 2 1
8 11 2
8 9 4
20 1 6
8 10 2
16 19 3
22 1 1
11 14 3
22 1 1
6 8 5
17 19 6
20 0 4
2 5 4
21 23 2
19 21 3
8 11 3
19 21 7
9 13 5
5 7 7
18 23 2
10 14 1
21 0 1
20 23 1
23 3 6
21 23 2
19 23 3
15 17 1
2 4 3
8 12 1
8 11 3
8 12 6
6 9 3
23 0 5
8 12 1
3 6 2
11 16 7
19 21 1
0 2 7
18 22 3
21 1 6
18 20 4
6 8 3
20 0 7
9 10 2
18 21 7
23 5 3
7 12 7
10 12 2
20 23 4
23 1 3
4 6 7
21 0 1
10 11 1
23 3 1
21 0 4
10 12 4
0 3 7
19 22 1
0 3 3
3 4 2
9 11 2
6 9 7
1 4 2
19 22 5
23 1 7
16 19 7
6 9 7
23 1 7
18 22 5
14 16 4
14 18 6
5 7 4
17 19 4
17 22 5
5 9 6
10 11 5
2 6 7
5 8 3
4 8 1
5 7 5
10 13 5
10 12 1
16 18 5
4 8 2
12 15 6
10 13 7
12 15 6
1 4 5
11 14 5
7 9 4
10 12 3
8 11 2
21 1 1
5 11 5
3 5 6
4 6 5
5 7 2
12 15 2
15 17 2
0 2 2
21 0 3
6 10 2
16 20 5
0 4 5
6 11 2
2 3 3
10 14 6
1 3 3
11 14 6
22 0 3
12 15 7
1 4 7
23 3 4
6 9 3
5 8 2
8 11 6
5 8 3
3 5 7
5 7 4
14 16 5
12 15 4
0 4 7
5 8 1
9 14 2
19 23 3
3 5 5
22 2 2
21 1 1
6 8 2
20 23 7
13 17 4
18 21 3
11 15 3
6 9 7
20 22 3
12 15 3
19 23 7
9 14 6
19 1 6
11 14 3
14 16 7
22 3 1
18 20 3
17 20 6
21 23 5
11 15 5
17 20 1
20 22 6
9 12 2
2 5 5
9 11 4
23 2 5
12 14 5
7 9 4
18 21 1
2 6 7
21 23 3
0 2 5
11 13 3
12 16 4
16 17 7
14 17 1
7 9 1
23 2 1
19 21 7
19 22 1
7 11 6
21 0 5
20 22 5
6 9 4
23 1 5
8 11 2
10 13 3
14 17 4
23 3 7
11 14 5
9 13 7
8 13 1
1 2 4
0 3 4
3 5 1
13 17 5
2 5 7
23 3 7
17 20 2
12 15 5
1 6 7
7 11 1
18 21 6
12 15 4
10 13 5
5 8 3
8 9 6
13 15 2
21 23 4
7 9 2
6 9 1
4 7 5
1 4 4
1 5 4
15 17 3
8 11 6
6 8 5
21 21 1
21 1 4
2 4 7
20 23 5
19 22 2
5 7 7
5 8 1
19 21 6
19 22 1
15 18 7
13 17 4
21 2 2
17 21 2
8 10 5
1 4 1
21 0 2
4 8 1
3 5 6
8 12 3
17 17 4
11 12 2
1 4 1
8 11 7
13 17 3
5 9 2
20 23 6
8 11 5
21 1 2
13 17 4
17 21 2
20 22 3
12 15 7
22 1 4
6 10 3
11 15 5
9 12 5
9 10 7
19 22 5
8 12 3
6 10 3
5 8 5
23 1 7
8 11 3
3 5 6
13 15 1
9 12 3
1 5 4
6 9 1
15 19 1
11 12 3
16 19 3
9 11 1
11 15 1
13 16 7
21 0 5
23 3 5
23 1 2
2 5 5
7 10 1
13 16 5
5 7 5
5 7 6
0 1 7
19 22 2
23 3 2
17 18 6
11 15 3
0 4 1
16 18 5
8 12 5
10 13 4
9 11 6
4 6 1
6 9 7
14 17 1
7 9 3
20 0 1
3 6 2
18 20 6
9 10 1
12 15 1
20 22 5
12 15 4
2 5 1
18 21 1
22 1 6
17 19 4
8 12 2
0 2 1
19 0 5
18 20 2
0 2 5
10 13 5
15 20 7
4 5 2
0 5 7
10 15 1
17 20 1
9 14 2
7 9 5
15 18 1
14 18 1
16 19 2
21 2 7
6 10 2
9 12 3
22 2 2
15 17 7
4 8 4
19 0 2
0 3 6
10 12 6
13 16 3
5 8 4
0 4 5
23 2 5
22 1 4
0 3 3
17 20 6
18 21 6
16 19 7
9 12 2
3 6 6
8 10 1
5 8 4
0 3 4
0 2 7
12 15 7
5 9 3
4 8 3
18 23 3
17 20 4
22 0 2
13 17 6
12 14 5
7 10 7
13 16 1
15 18 3
15 18 7
9 13 1
12 14 5
18 21 7
1 5 2
21 1 7
21 22 2
19 23 2
20 0 2
3 6 4
12 15 1
3 9 1
11 14 5
0 2 5
21 0 7
3 7 7
1 4 4
3 8 7
12 15 4
17 20 1
19 22 6
22 3 5
18 22 1
0 3 6
19 21 3
23 3 1
12 16 3
23 2 3
4 5 2
14 17 2
1 4 6
14 17 3
14 18 7
1 5 2
21 2 4
4 7 6
6 8 5
12 16 5
17 20 1
4 8 7
5 9 3
9 12 6
13 17 1
4 8 4
4 9 4
8 10 6
20 22 6
4 7 3
8 10 1
4 8 6
19 22 3
11 14 3
6 10 2
16 19 3
2 7 5
14 17 3
11 14 7
23 2 7
18 22 6
5 7 2
19 21 3
5 7 4
16 19 4
22 0 1
16 20 3
13 16 3
4 7 3
9 12 5
18 21 2
19 21 4
3 7 6
11 14 6
12 12 3
9 11 7
13 17 5
9 12 2
22 1 6
18 21 1
23 3 3
6 10 6
12 16 1
22 23 6
22 3 3
13 14 3
10 14 2
1 3 2
5 8 7
17 20 7
20 22 3
4 7 3
4 6 2
13 15 4
9 11 7
21 1 1
8 10 4
9 12 7
15 18 6
17 19 2
19 22 3
9 13 1
4 8 5
4 7 1
6 9 7
20 23 7
5 8 7
16 19 5
8 12 4
21 0 2
17 20 1
17 20 6
6 9 6
6 7 5
3 6 5
9 13 6
10 13 1
8 11 1
16 19 7
18 21 3
2 8 2
15 19 5
19 21 5
6 8 1
21 2 2
1 4 7
21 23 7
2 4 3
15 19 1
3 7 6
5 8 3
11 15 3
12 14 7
22 1 4
13 15 1
20 0 3
5 8 5
21 1 1
23 3 7
6 10 3
15 19 6
17 20 7
8 12 1
17 19 2
4 5 2
5 8 3
10 12 7
6 10 1
13 16 5
12 16 3
17 19 6
21 1 3
6 8 2
6 8 3
2 5 2
18 22 2
12 14 7
6 8 6
9 13 1
19 2 1
23 2 7
19 21 4
6 8 4
18 20 4
21 0 4
4 7 5
7 11 5
19 21 2
9 12 3
20 23 7
2 5 4
3 6 7
13 16 2
23 3 2
22 1 4
4 8 5
14 16 7
19 22 2
3 5 3
15 19 6
11 13 1
17 19 6
23 2 4
15 17 4
22 1 5
4 7 1
14 16 1
20 0 6
18 20 1
15 19 7
23 3 2
3 7 2
6 9 3
12 16 4
0 2 4
14 18 2
3 7 4
17 22 5
10 13 7
16 17 7
17 20 3
9 11 4
22 2 6
4 7 7
3 5 5
3 6 5
19 21 1
20 0 2
0 2 4
19 21 6
5 9 5
9 13 4
14 16 1
17 21 7
9 11 3
4 6 5
10 13 1
2 4 7
1 3 4
12 16 6
1 3 3
6 11 4
14 17 4
3 6 5
4 7 2
21 23 6
12 16 1
21 0 4
18 22 6
23 2 5
16 19 5
2 6 1
9 11 2
16 19 3
22 23 6
14 17 7
16 18 3
16 18 5
9 11 2
17 18 2
22 0 7
7 12 1
1 5 5
15 21 2
5 9 7
3 5 4
19 22 7
10 13 1
17 21 7
8 13 2
7 8 6
12 13 4
14 17 6
20 22 4
11 16 1
4 7 6
3 5 3
0 3 3
6 9 7
15 19 6
17 21 4
9 13 5
0 5 5
16 19 1
5 8 3
17 19 3
21 23 3
12 15 1
8 12 6
20 22 1
13 16 6
13 14 2
4 6 1
1 3 4
19 22 1
11 15 2
20 23 6
16 19 1
14 18 2
13 17 1
8 10 5
8 11 2
13 18 7
6 9 4
10 12 4
2 5 3
10 13 6
2 6 1
13 15 7
4 6 4
20 22 7
7 10 3
6 9 5
7 9 4
12 16 2
6 10 4
21 22 1
7 9 4
5 7 3
20 23 7
14 17 1
16 17 7
10 14 7
10 14 5
7 11 5
8 12 7
11 14 2
23 2 2
15 16 3
11 14 7
9 13 5
9 14 3
10 14 1
8 11 7
10 14 3
20 23 6
9 13 3
23 3 4
4 7 2
13 15 4
3 6 6
20 23 3
0 2 4
13 14 1
17 21 4
7 10 2
11 14 5
14 17 3
10 13 6
10 12 3
0 4 1
22 2 5
23 2 3
19 21 1
3 6 2
6 10 5
13 17 4
0 3 5
12 16 1
21 1 2
1 3 5
14 15 5
7 11 1
8 10 5
10 12 4
14 16 5
15 19 3
15 18 1
9 12 3
23 2 6
8 11 5
0 3 7
12 15 5
7 10 3
19 21 7
1 3 1
18 20 6
7 11 1
12 15 2
6 10 2
21 0 1
8 10 5
11 15 1
11 15 3
18 20 1
7 9 5
16 21 4
1 4 2
4 5 6
2 5 3
21 21 6
11 13 7
15 18 4
15 18 7
9 12 5
16 22 3
2 5 7
23 23 6
16 17 6
19 23 2
13 16 4
2 5 1
18 20 4
7 11 7
