1000 5
4 1 2 3 3 
7 11 2
11 17 3
4 8 2
18 21 5
15 18 5
14 17 4
15 18 2
12 15 4
1 3 3
3 7 5
14 16 1
10 14 3
4 7 5
10 14 3
7 9 1
5 7 1
20 0 3
9 12 1
17 19 2
23 0 5
16 19 5
7 12 3
19 22 2
9 13 5
16 20 4
20 1 4
11 16 3
22 1 3
20 1 1
21 1 5
1 2 4
16 19 4
21 21 2
7 12 3
23 2 4
21 23 3
18 21 4
16 20 5
23 0 2
4 8 3
1 6 2
19 22 5
10 12 3
6 10 5
7 10 2
11 14 2
12 16 2
14 16 1
15 17 5
13 17 5
12 15 3
9 11 4
12 16 1
20 22 3
21 1 2
22 2 2
13 16 3
21 23 2
21 0 2
23 4 3
13 18 1
0 5 4
19 20 4
23 0 4
21 0 2
1 2 5
6 8 1
5 8 2
17 21 2
15 20 4
10 13 3
7 9 5
22 1 5
23 1 2
19 23 3
4 8 2
3 5 1
22 2 3
13 16 4
9 13 1
16 18 5
12 15 1
15 17 1
22 2 2
10 13 5
11 14 4
0 4 5
7 8 4
8 12 4
9 13 1
6 8 3
7 10 2
21 1 5
16 16 4
10 13 5
6 7 2
3 5 2
0 3 2
7 10 3
9 12 4
22 1 3
6 9 2
19 23 1
19 22 2
18 20 3
3 7 1
14 16 3
23 2 2
14 18 1
11 14 2
15 19 3
13 14 5
14 18 1
12 15 3
23 2 5
17 20 5
13 15 3
22 0 5
14 15 4
3 7 1
12 14 2
15 18 4
21 0 1
2 5 5
11 14 2
13 14 1
1 6 2
20 22 5
11 14 2
8 12 1
0 3 5
8 12 1
19 22 3
21 1 1
19 22 1
0 6 4
20 23 2
8 12 2
20 1 4
14 17 2
21 0 3
21 0 3
22 2 4
1 4 2
1 5 1
1 4 5
20 0 4
12 16 5
20 23 5
16 18 4
11 14 1
15 17 1
14 17 2
7 10 2
20 0 1
8 11 2
23 2 5
13 16 1
1 3 4
23 2 4
11 14 3
15 19 1
17 20 4
11 14 1
2 5 4
5 7 5
1 5 5
11 13 1
5 8 5
2 7 1
14 17 4
10 12 1
3 7 5
12 13 2
17 19 4
18 20 5
13 15 1
3 5 3
10 14 5
13 16 3
21 22 5
18 20 3
21 1 3
21 0 1
5 8 1
11 13 5
3 6 4
20 0 5
21 0 1
23 2 2
7 8 5
7 9 2
7 10 3
10 13 2
14 16 1
17 19 3
2 5 1
21 0 5
22 2 3
18 20 5
19 22 1
1 3 5
3 6 2
7 10 2
1 5 5
14 17 5
13 15 1
5 9 1
18 21 2
20 22 3
2 4 3
7 9 5
9 12 4
15 17 5
16 19 2
0 3 4
19 22 2
6 8 1
6 9 5
1 5 3
21 1 4
10 12 2
16 19 2
5 8 2
19 21 2
3 8 3
8 12 3
22 0 4
5 9 3
16 20 3
13 16 1
16 19 5
2 5 5
10 12 4
19 0 5
12 15 3
12 15 1
12 15 3
8 11 2
0 4 3
12 15 5
23 1 2
3 4 2
20 23 3
17 20 1
23 3 3
15 19 3
7 9 4
2 5 3
9 12 5
12 13 5
6 9 3
22 1 5
11 14 3
12 13 1
18 22 1
6 8 1
13 18 3
8 12 5
11 14 2
2 5 3
2 6 2
19 22 4
14 18 5
4 7 4
3 6 1
19 20 2
10 12 5
16 20 1
22 1 5
8 11 1
19 22 4
17 20 2
19 22 2
19 22 1
3 5 4
18 22 5
17 20 4
5 7 2
19 20 5
9 13 2
10 11 1
19 21 1
16 19 3
23 4 1
11 14 5
21 0 3
13 16 1
6 10 4
6 8 1
16 20 3
22 1 4
2 5 5
13 17 5
16 19 5
15 17 2
10 14 4
5 8 5
0 3 1
5 8 2
17 20 1
2 4 4
5 8 3
4 9 1
2 7 4
8 11 3
8 12 3
2 5 1
4 7 3
2 5 5
5 7 1
3 4 4
18 22 1
12 15 2
18 21 5
6 9 3
0 3 2
7 8 1
16 19 2
4 5 2
8 10 5
9 10 1
22 2 3
21 1 2
10 12 3
2 5 1
5 7 5
0 3 4
19 23 3
17 20 1
19 0 4
7 10 1
19 20 4
2 3 2
22 0 4
16 18 1
19 23 1
16 18 2
0 3 3
9 13 1
18 20 3
15 19 5
19 22 5
15 19 2
22 1 4
18 20 2
21 22 2
1 4 1
18 21 2
17 22 4
3 6 2
23 3 1
21 0 3
3 5 3
2 7 3
3 8 1
17 19 1
11 14 3
17 19 4
23 1 3
19 22 4
3 4 3
10 13 3
12 15 3
6 8 3
9 13 4
16 18 5
17 20 4
20 23 2
2 2 4
10 11 5
15 20 3
5 9 2
5 8 1
6 10 1
18 21 4
15 18 4
5 9 2
0 3 3
20 23 5
7 10 5
0 4 1
14 18 4
18 22 2
15 17 2
10 13 3
10 12 5
22 0 4
4 6 3
6 10 5
1 4 4
20 23 2
17 18 3
19 20 3
4 8 1
22 1 2
19 22 5
12 15 1
9 12 3
17 20 2
19 22 4
1 5 4
3 7 4
22 1 5
11 13 4
1 5 4
17 19 4
7 8 2
10 14 5
1 3 2
13 16 1
22 22 3
22 1 1
21 1 3
7 11 5
21 23 3
6 11 2
16 19 2
13 15 1
20 23 1
5 9 5
4 8 4
7 10 3
22 0 4
5 8 2
6 9 3
2 6 1
18 20 1
22 0 2
23 0 2
5 9 3
21 1 3
23 2 2
22 2 5
23 0 3
0 3 5
5 6 2
14 16 5
2 6 1
9 12 1
14 18 2
3 7 1
19 21 5
3 6 4
15 18 5
4 6 5
0 2 2
23 3 5
13 18 5
2 5 5
14 17 3
9 13 1
1 4 1
16 19 5
13 15 5
2 5 4
23 3 3
4 9 5
16 19 4
16 21 3
22 0 3
2 6 1
19 22 1
11 13 1
2 4 2
19 23 5
3 6 1
4 8 5
2 5 3
4 7 4
20 22 5
14 17 4
6 9 4
20 23 5
8 12 3
2 5 2
6 8 2
6 9 4
7 9 2
16 19 1
21 1 1
22 0 2
1 4 1
22 2 4
19 22 1
9 12 3
1 3 4
5 8 4
5 8 4
2 4 1
22 0 4
10 14 4
3 6 1
5 7 5
10 13 4
15 18 4
13 16 3
4 7 5
18 21 1
19 21 2
9 13 4
20 22 3
22 3 4
10 11 5
13 16 3
7 12 5
8 12 1
6 6 3
14 16 2
19 21 1
23 3 2
11 13 2
15 18 5
7 10 3
8 9 4
11 13 1
10 14 2
4 7 4
2 5 1
7 11 2
10 14 5
19 23 4
2 4 1
22 0 1
22 2 5
12 13 4
10 13 2
23 2 4
20 23 2
1 3 4
3 5 5
20 23 4
17 19 3
9 12 4
1 4 3
18 21 5
1 5 1
3 6 3
5 6 5
9 11 1
23 2 1
3 7 5
19 22 3
12 14 3
15 18 3
15 18 5
14 17 1
0 3 5
22 1 2
18 22 1
0 2 3
10 13 1
3 8 1
3 7 1
19 23 4
20 22 5
16 19 3
6 8 5
20 23 3
8 12 1
3 5 4
7 8 2
13 16 5
4 7 4
5 7 5
9 10 3
16 18 3
11 14 3
8 12 5
23 3 5
15 17 5
20 23 1
4 7 1
4 7 3
3 6 1
10 13 3
10 13 5
11 12 2
12 17 2
9 11 5
12 14 4
14 17 4
1 1 2
0 3 5
3 6 2
19 23 1
3 7 5
0 4 4
14 18 3
6 7 3
5 7 1
18 22 2
1 1 5
22 0 3
12 15 2
0 3 2
12 15 2
23 3 1
6 9 3
20 23 3
23 4 1
14 18 4
19 23 4
10 13 5
15 16 4
23 2 1
0 5 5
20 23 2
5 8 1
20 0 4
0 5 4
20 23 3
2 5 2
5 9 1
18 22 5
4 8 1
12 14 3
2 4 1
11 13 2
5 8 4
12 14 5
14 16 5
21 2 1
15 19 2
10 12 3
2 6 5
15 18 2
19 22 5
10 13 5
6 8 1
23 3 4
23 4 5
14 18 5
18 20 5
17 20 1
0 3 3
2 4 5
16 19 4
0 2 4
1 5 3
14 19 1
13 14 4
6 9 4
17 20 2
15 18 1
18 23 1
18 22 1
5 6 5
3 6 4
23 3 2
10 13 2
23 3 1
13 17 4
14 17 3
17 21 3
12 15 4
15 19 3
6 9 4
13 15 2
8 10 2
0 4 1
9 13 5
10 12 2
11 13 3
0 2 4
4 7 5
20 23 5
13 16 2
12 15 5
6 10 3
3 5 1
16 17 5
4 7 5
15 18 5
12 16 1
17 21 4
17 18 4
4 9 2
10 10 2
23 0 5
19 0 3
16 18 4
22 3 2
13 17 3
20 1 4
15 19 2
21 23 2
3 7 5
20 0 3
22 1 5
21 0 4
5 6 5
21 23 1
19 21 5
19 21 5
4 7 2
9 12 4
17 21 3
13 17 5
22 2 1
18 21 3
10 13 1
4 8 4
2 6 5
13 16 5
18 21 4
3 6 3
15 17 2
2 4 3
9 13 1
12 17 1
23 1 5
23 3 2
14 18 3
21 1 1
2 6 2
19 21 4
19 22 5
18 19 1
16 21 3
22 0 3
12 13 1
13 15 2
14 18 5
5 8 1
8 10 5
2 5 3
0 2 5
22 3 1
23 2 2
9 11 1
11 14 2
14 16 5
3 4 5
21 1 1
1 4 5
19 23 2
5 8 5
4 6 3
17 19 3
15 18 4
0 2 2
19 23 2
23 2 3
9 12 4
20 23 3
11 13 1
13 16 1
13 14 1
13 16 2
13 16 4
22 1 2
0 4 5
13 16 3
2 6 4
14 15 4
13 17 3
6 11 1
1 4 2
17 19 5
12 15 2
15 16 4
2 5 4
13 14 5
5 9 1
19 20 2
20 22 4
19 22 1
0 2 3
1 4 1
18 22 1
23 2 4
11 16 3
1 4 2
15 18 2
6 9 2
9 12 1
0 3 4
17 21 5
3 6 1
8 13 1
8 10 5
12 16 2
20 23 4
15 16 1
2 6 2
5 9 1
8 10 2
11 15 5
19 20 5
21 23 2
6 10 5
15 19 4
10 13 2
21 0 4
12 15 2
21 22 5
19 22 4
22 1 5
1 3 5
7 11 3
22 0 4
9 10 5
23 0 4
16 18 5
18 21 2
14 18 2
1 4 5
7 9 4
2 6 2
17 22 4
22 0 5
22 1 3
9 11 3
13 16 5
6 7 1
0 3 3
16 19 3
13 16 1
2 4 5
16 21 4
11 14 3
21 23 3
2 4 4
21 0 3
8 9 4
8 12 3
4 7 5
2 4 4
22 3 5
0 4 5
5 9 2
0 3 4
17 20 4
7 12 5
16 20 2
5 8 2
3 7 2
20 22 1
15 17 3
7 11 5
21 22 3
13 17 4
2 5 5
14 17 2
16 18 3
12 14 3
14 16 1
18 22 4
14 15 2
16 18 2
5 8 4
3 8 2
22 3 3
4 8 4
15 17 3
10 14 5
12 16 1
20 22 2
4 9 5
19 23 1
9 13 4
3 6 1
18 20 2
14 18 1
19 23 1
16 19 2
17 19 3
2 3 5
8 12 3
22 0 2
19 20 1
11 13 1
1 3 1
12 15 5
5 7 3
12 15 2
21 0 5
1 5 3
16 20 2
22 0 5
2 4 3
15 17 4
1 3 5
21 0 4
7 9 3
7 9 3
2 6 1
9 13 1
4 6 1
2 5 2
5 7 4
22 2 2
5 7 2
5 7 1
16 21 5
10 12 4
4 6 1
15 17 5
6 10 2
23 3 4
13 16 4
16 18 2
5 7 2
14 17 2
1 5 2
1 5 4
5 8 3
1 5 1
12 14 1
4 6 3
0 3 5
0 3 3
10 12 5
19 21 2
19 21 3
20 22 4
6 8 5
19 22 4
13 15 1
23 2 5
12 16 1
15 16 4
1 2 2
19 23 3
11 14 1
1 4 3
14 17 2
7 10 5
14 18 1
12 16 1
4 7 1
16 18 4
2 6 4
15 17 5
6 9 3
11 14 2
3 6 2
5 7 1
8 12 2
14 17 4
12 15 4
23 3 1
13 15 3
5 8 5
11 14 2
7 10 3
10 14 2
5 9 5
0 3 3
7 11 2
15 17 2
8 10 3
7 11 3
9 12 2
19 23 5
8 11 2
14 18 4
18 21 3
5 8 3
20 21 4
14 19 2
23 2 5
17 21 2
23 2 3
3 7 2
19 23 2
17 21 1
14 16 4
3 5 4
7 9 3
16 17 5
5 9 2
0 3 5
11 13 2
10 14 1
19 21 1
12 15 3
5 8 1
15 18 4
18 22 4
1 4 3
13 16 1
9 12 4
23 4 4
20 0 3
17 22 3
17 19 3
5 8 3
14 16 4
23 2 4
3 6 3
9 11 3
19 0 1
2 6 5
4 6 5
22 1 5
11 14 5
8 11 3
13 15 2
