100 4
3 2 4 1 
23 0 2
22 2 2
4 7 4
2 5 2
16 19 1
4 8 3
6 10 4
16 18 1
7 13 2
11 14 3
6 9 3
11 14 3
19 21 4
17 20 1
14 17 3
2 5 2
0 4 3
2 5 1
5 9 3
10 12 2
8 10 1
11 13 2
1 5 4
2 5 4
1 4 2
15 17 1
22 2 3
1 7 3
11 12 1
18 22 3
1 4 2
14 17 1
0 3 2
8 12 2
21 23 3
5 9 3
11 15 3
13 16 4
2 7 4
10 14 1
14 15 3
22 2 3
14 19 2
2 5 2
6 8 1
13 15 3
2 7 3
21 23 2
14 17 1
14 17 4
1 3 2
1 6 1
1 6 2
22 1 1
7 9 3
19 0 4
4 6 3
6 9 2
18 18 2
0 4 3
13 13 3
16 19 3
19 23 3
19 22 4
12 16 2
8 10 1
9 12 1
6 10 2
10 14 1
9 12 1
0 2 4
17 22 1
14 17 3
2 5 4
12 13 3
8 11 1
18 21 3
8 12 1
12 15 2
14 16 3
12 14 4
11 14 3
17 19 2
1 3 4
19 22 4
19 21 3
17 21 4
23 4 4
12 16 2
20 23 4
15 18 4
3 6 1
13 14 2
2 4 2
14 18 2
17 20 2
6 8 2
4 6 3
21 0 4
22 1 4